----------------------------------------------------------------
        Layer (type)               Output Shape         Param #
================================================================
            Conv2d-1           [-1, 64, 14, 14]           3,200
         MaxPool2d-2             [-1, 64, 7, 7]               0
            Conv2d-3             [-1, 64, 7, 7]           4,160
            Conv2d-4            [-1, 192, 7, 7]         110,784
         MaxPool2d-5            [-1, 192, 4, 4]               0
            Conv2d-6             [-1, 64, 4, 4]          12,352
            Conv2d-7             [-1, 96, 4, 4]          18,528
            Conv2d-8            [-1, 128, 4, 4]         110,720
            Conv2d-9             [-1, 16, 4, 4]           3,088
           Conv2d-10             [-1, 32, 4, 4]          12,832
        MaxPool2d-11            [-1, 192, 4, 4]               0
           Conv2d-12             [-1, 32, 4, 4]           6,176
        Inception-13            [-1, 256, 4, 4]               0
           Conv2d-14            [-1, 128, 4, 4]          32,896
           Conv2d-15            [-1, 128, 4, 4]          32,896
           Conv2d-16            [-1, 192, 4, 4]         221,376
           Conv2d-17             [-1, 32, 4, 4]           8,224
           Conv2d-18             [-1, 96, 4, 4]          76,896
        MaxPool2d-19            [-1, 256, 4, 4]               0
           Conv2d-20             [-1, 64, 4, 4]          16,448
        Inception-21            [-1, 480, 4, 4]               0
        MaxPool2d-22            [-1, 480, 2, 2]               0
           Conv2d-23            [-1, 192, 2, 2]          92,352
           Conv2d-24             [-1, 96, 2, 2]          46,176
           Conv2d-25            [-1, 208, 2, 2]         179,920
           Conv2d-26             [-1, 16, 2, 2]           7,696
           Conv2d-27             [-1, 48, 2, 2]          19,248
        MaxPool2d-28            [-1, 480, 2, 2]               0
           Conv2d-29             [-1, 64, 2, 2]          30,784
        Inception-30            [-1, 512, 2, 2]               0
           Conv2d-31            [-1, 160, 2, 2]          82,080
           Conv2d-32            [-1, 112, 2, 2]          57,456
           Conv2d-33            [-1, 224, 2, 2]         226,016
           Conv2d-34             [-1, 24, 2, 2]          12,312
           Conv2d-35             [-1, 64, 2, 2]          38,464
        MaxPool2d-36            [-1, 512, 2, 2]               0
           Conv2d-37             [-1, 64, 2, 2]          32,832
        Inception-38            [-1, 512, 2, 2]               0
           Conv2d-39            [-1, 128, 2, 2]          65,664
           Conv2d-40            [-1, 128, 2, 2]          65,664
           Conv2d-41            [-1, 256, 2, 2]         295,168
           Conv2d-42             [-1, 24, 2, 2]          12,312
           Conv2d-43             [-1, 64, 2, 2]          38,464
        MaxPool2d-44            [-1, 512, 2, 2]               0
           Conv2d-45             [-1, 64, 2, 2]          32,832
        Inception-46            [-1, 512, 2, 2]               0
           Conv2d-47            [-1, 112, 2, 2]          57,456
           Conv2d-48            [-1, 144, 2, 2]          73,872
           Conv2d-49            [-1, 288, 2, 2]         373,536
           Conv2d-50             [-1, 32, 2, 2]          16,416
           Conv2d-51             [-1, 64, 2, 2]          51,264
        MaxPool2d-52            [-1, 512, 2, 2]               0
           Conv2d-53             [-1, 64, 2, 2]          32,832
        Inception-54            [-1, 528, 2, 2]               0
           Conv2d-55            [-1, 256, 2, 2]         135,424
           Conv2d-56            [-1, 160, 2, 2]          84,640
           Conv2d-57            [-1, 320, 2, 2]         461,120
           Conv2d-58             [-1, 32, 2, 2]          16,928
           Conv2d-59            [-1, 128, 2, 2]         102,528
        MaxPool2d-60            [-1, 528, 2, 2]               0
           Conv2d-61            [-1, 128, 2, 2]          67,712
        Inception-62            [-1, 832, 2, 2]               0
        MaxPool2d-63            [-1, 832, 2, 2]               0
           Conv2d-64            [-1, 256, 2, 2]         213,248
           Conv2d-65            [-1, 160, 2, 2]         133,280
           Conv2d-66            [-1, 320, 2, 2]         461,120
           Conv2d-67             [-1, 32, 2, 2]          26,656
           Conv2d-68            [-1, 128, 2, 2]         102,528
        MaxPool2d-69            [-1, 832, 2, 2]               0
           Conv2d-70            [-1, 128, 2, 2]         106,624
        Inception-71            [-1, 832, 2, 2]               0
           Conv2d-72            [-1, 384, 2, 2]         319,872
           Conv2d-73            [-1, 192, 2, 2]         159,936
           Conv2d-74            [-1, 384, 2, 2]         663,936
           Conv2d-75             [-1, 48, 2, 2]          39,984
           Conv2d-76            [-1, 128, 2, 2]         153,728
        MaxPool2d-77            [-1, 832, 2, 2]               0
           Conv2d-78            [-1, 128, 2, 2]         106,624
        Inception-79           [-1, 1024, 2, 2]               0
AdaptiveAvgPool2d-80           [-1, 1024, 1, 1]               0
          Dropout-81                 [-1, 1024]               0
           Linear-82                   [-1, 10]          10,250
================================================================
Total params: 5,977,530
Trainable params: 5,977,530
Non-trainable params: 0
----------------------------------------------------------------
Input size (MB): 0.00
Forward/backward pass size (MB): 1.02
Params size (MB): 22.80
Estimated Total Size (MB): 23.82
----------------------------------------------------------------
